"k" "error" "kernel_size"
"1" 2 0.22625 1
"2" 3 0.22625 1
"3" 4 0.22625 1
"4" 5 0.22625 1
"5" 6 0.22625 1
"6" 7 0.22625 1
"7" 8 0.22625 1
"8" 9 0.22625 1
"9" 10 0.22625 1
"10" 11 0.22625 1
"11" 12 0.22625 1
"12" 13 0.22625 1
"13" 14 0.22625 1
"14" 15 0.22625 1
"15" 16 0.22625 1
"16" 17 0.22625 1
"17" 18 0.22625 1
"18" 19 0.22625 1
"19" 20 0.22625 1
"20" 21 0.22625 1
"21" 22 0.22625 1
"22" 23 0.22625 1
"23" 24 0.22625 1
"24" 25 0.22625 1
"25" 26 0.22625 1
"26" 27 0.22625 1
"27" 28 0.22625 1
"28" 29 0.22625 1
"29" 30 0.22625 1
"30" 31 0.22625 1
"31" 32 0.22625 1
"32" 33 0.22625 1
"33" 34 0.22625 1
"34" 35 0.22625 1
"35" 36 0.22625 1
"36" 37 0.22625 1
"37" 38 0.22625 1
"38" 39 0.22625 1
"39" 40 0.22625 1
"40" 41 0.22625 1
"41" 42 0.22625 1
"42" 43 0.22625 1
"43" 44 0.22625 1
"44" 45 0.22625 1
"45" 46 0.22625 1
"46" 47 0.22625 1
"47" 48 0.22625 1
"48" 49 0.22625 1
"49" 50 0.22625 1
"50" 51 0.22625 1
"51" 52 0.22625 1
"52" 53 0.22625 1
"53" 54 0.22625 1
"54" 55 0.22625 1
"55" 56 0.22625 1
"56" 57 0.22625 1
"57" 58 0.22625 1
"58" 59 0.22625 1
"59" 60 0.22625 1
"60" 61 0.22625 1
"61" 62 0.22625 1
"62" 63 0.22625 1
"63" 64 0.22625 1
"64" 65 0.22625 1
"65" 66 0.22625 1
"66" 67 0.22625 1
"67" 68 0.22625 1
"68" 69 0.22625 1
"69" 70 0.22625 1
"70" 71 0.22625 1
"71" 72 0.22625 1
"72" 73 0.22625 1
"73" 74 0.22625 1
"74" 75 0.22625 1
"75" 76 0.22625 1
"76" 77 0.22625 1
"77" 78 0.22625 1
"78" 79 0.22625 1
"79" 80 0.22625 1
"80" 81 0.22625 1
"81" 82 0.22625 1
"82" 83 0.22625 1
"83" 84 0.22625 1
"84" 85 0.22625 1
"85" 86 0.22625 1
"86" 87 0.22625 1
"87" 88 0.22625 1
"88" 89 0.22625 1
"89" 90 0.22625 1
"90" 91 0.22625 1
"91" 92 0.22625 1
"92" 93 0.22625 1
"93" 94 0.22625 1
"94" 95 0.22625 1
"95" 96 0.22625 1
"96" 97 0.22625 1
"97" 98 0.22625 1
"98" 99 0.22625 1
"99" 100 0.22625 1
"100" 1 0.26925 3
"101" 2 0.26925 3
"102" 3 0.26925 3
"103" 4 0.26925 3
"104" 5 0.26925 3
"105" 6 0.26925 3
"106" 7 0.26925 3
"107" 8 0.26925 3
"108" 9 0.26925 3
"109" 10 0.26925 3
"110" 11 0.26925 3
"111" 12 0.26925 3
"112" 13 0.26925 3
"113" 14 0.26925 3
"114" 15 0.26925 3
"115" 16 0.26925 3
"116" 17 0.26925 3
"117" 18 0.26925 3
"118" 19 0.26925 3
"119" 20 0.26925 3
"120" 21 0.26925 3
"121" 22 0.26925 3
"122" 23 0.26925 3
"123" 24 0.26925 3
"124" 25 0.26925 3
"125" 26 0.26925 3
"126" 27 0.26925 3
"127" 28 0.26925 3
"128" 29 0.26925 3
"129" 30 0.26925 3
"130" 31 0.26925 3
"131" 32 0.26925 3
"132" 33 0.26925 3
"133" 34 0.26925 3
"134" 35 0.26925 3
"135" 36 0.26925 3
"136" 37 0.26925 3
"137" 38 0.26925 3
"138" 39 0.26925 3
"139" 40 0.26925 3
"140" 41 0.26925 3
"141" 42 0.26925 3
"142" 43 0.26925 3
"143" 44 0.26925 3
"144" 45 0.26925 3
"145" 46 0.26925 3
"146" 47 0.26925 3
"147" 48 0.26925 3
"148" 49 0.26925 3
"149" 50 0.26925 3
"150" 51 0.26925 3
"151" 52 0.26925 3
"152" 53 0.26925 3
"153" 54 0.26925 3
"154" 55 0.26925 3
"155" 56 0.26925 3
"156" 57 0.26925 3
"157" 58 0.26925 3
"158" 59 0.26925 3
"159" 60 0.26925 3
"160" 61 0.26925 3
"161" 62 0.26925 3
"162" 63 0.26925 3
"163" 64 0.26925 3
"164" 65 0.26925 3
"165" 66 0.26925 3
"166" 67 0.26925 3
"167" 68 0.26925 3
"168" 69 0.26925 3
"169" 70 0.26925 3
"170" 71 0.26925 3
"171" 72 0.26925 3
"172" 73 0.26925 3
"173" 74 0.26925 3
"174" 75 0.26925 3
"175" 76 0.26925 3
"176" 77 0.26925 3
"177" 78 0.26925 3
"178" 79 0.26925 3
"179" 80 0.26925 3
"180" 81 0.26925 3
"181" 82 0.26925 3
"182" 83 0.26925 3
"183" 84 0.26925 3
"184" 85 0.26925 3
"185" 86 0.26925 3
"186" 87 0.26925 3
"187" 88 0.26925 3
"188" 89 0.26925 3
"189" 90 0.26925 3
"190" 91 0.26925 3
"191" 92 0.26925 3
"192" 93 0.26925 3
"193" 94 0.26925 3
"194" 95 0.26925 3
"195" 96 0.26925 3
"196" 97 0.26925 3
"197" 98 0.26925 3
"198" 99 0.26925 3
"199" 100 0.26925 3
"200" 1 0.24825 5
"201" 2 0.24825 5
"202" 3 0.24825 5
"203" 4 0.24825 5
"204" 5 0.24825 5
"205" 6 0.24825 5
"206" 7 0.24825 5
"207" 8 0.24825 5
"208" 9 0.24825 5
"209" 10 0.24825 5
"210" 11 0.24825 5
"211" 12 0.24825 5
"212" 13 0.24825 5
"213" 14 0.24825 5
"214" 15 0.24825 5
"215" 16 0.24825 5
"216" 17 0.24825 5
"217" 18 0.24825 5
"218" 19 0.24825 5
"219" 20 0.24825 5
"220" 21 0.24825 5
"221" 22 0.24825 5
"222" 23 0.24825 5
"223" 24 0.24825 5
"224" 25 0.24825 5
"225" 26 0.24825 5
"226" 27 0.24825 5
"227" 28 0.24825 5
"228" 29 0.24825 5
"229" 30 0.24825 5
"230" 31 0.24825 5
"231" 32 0.24825 5
"232" 33 0.24825 5
"233" 34 0.24825 5
"234" 35 0.24825 5
"235" 36 0.24825 5
"236" 37 0.24825 5
"237" 38 0.24825 5
"238" 39 0.24825 5
"239" 40 0.24825 5
"240" 41 0.24825 5
"241" 42 0.24825 5
"242" 43 0.24825 5
"243" 44 0.24825 5
"244" 45 0.24825 5
"245" 46 0.24825 5
"246" 47 0.24825 5
"247" 48 0.24825 5
"248" 49 0.24825 5
"249" 50 0.24825 5
"250" 51 0.24825 5
"251" 52 0.24825 5
"252" 53 0.24825 5
"253" 54 0.24825 5
"254" 55 0.24825 5
"255" 56 0.24825 5
"256" 57 0.24825 5
"257" 58 0.24825 5
"258" 59 0.24825 5
"259" 60 0.24825 5
"260" 61 0.24825 5
"261" 62 0.24825 5
"262" 63 0.24825 5
"263" 64 0.24825 5
"264" 65 0.24825 5
"265" 66 0.24825 5
"266" 67 0.24825 5
"267" 68 0.24825 5
"268" 69 0.24825 5
"269" 70 0.24825 5
"270" 71 0.24825 5
"271" 72 0.24825 5
"272" 73 0.24825 5
"273" 74 0.24825 5
"274" 75 0.24825 5
"275" 76 0.24825 5
"276" 77 0.24825 5
"277" 78 0.24825 5
"278" 79 0.24825 5
"279" 80 0.24825 5
"280" 81 0.24825 5
"281" 82 0.24825 5
"282" 83 0.24825 5
"283" 84 0.24825 5
"284" 85 0.24825 5
"285" 86 0.24825 5
"286" 87 0.24825 5
"287" 88 0.24825 5
"288" 89 0.24825 5
"289" 90 0.24825 5
"290" 91 0.24825 5
"291" 92 0.24825 5
"292" 93 0.24825 5
"293" 94 0.24825 5
"294" 95 0.24825 5
"295" 96 0.24825 5
"296" 97 0.24825 5
"297" 98 0.24825 5
"298" 99 0.24825 5
"299" 100 0.24825 5
"300" 1 0.21275 7
"301" 2 0.21275 7
"302" 3 0.21275 7
"303" 4 0.21275 7
"304" 5 0.21275 7
"305" 6 0.21275 7
"306" 7 0.21275 7
"307" 8 0.21275 7
"308" 9 0.21275 7
"309" 10 0.21275 7
"310" 11 0.21275 7
"311" 12 0.21275 7
"312" 13 0.21275 7
"313" 14 0.21275 7
"314" 15 0.21275 7
"315" 16 0.21275 7
"316" 17 0.21275 7
"317" 18 0.21275 7
"318" 19 0.21275 7
"319" 20 0.21275 7
"320" 21 0.21275 7
"321" 22 0.21275 7
"322" 23 0.21275 7
"323" 24 0.21275 7
"324" 25 0.21275 7
"325" 26 0.21275 7
"326" 27 0.21275 7
"327" 28 0.21275 7
"328" 29 0.21275 7
"329" 30 0.21275 7
"330" 31 0.21275 7
"331" 32 0.21275 7
"332" 33 0.21275 7
"333" 34 0.21275 7
"334" 35 0.21275 7
"335" 36 0.21275 7
"336" 37 0.21275 7
"337" 38 0.21275 7
"338" 39 0.21275 7
"339" 40 0.21275 7
"340" 41 0.21275 7
"341" 42 0.21275 7
"342" 43 0.21275 7
"343" 44 0.21275 7
"344" 45 0.21275 7
"345" 46 0.21275 7
"346" 47 0.21275 7
"347" 48 0.21275 7
"348" 49 0.21275 7
"349" 50 0.21275 7
"350" 51 0.21275 7
"351" 52 0.21275 7
"352" 53 0.21275 7
"353" 54 0.21275 7
"354" 55 0.21275 7
"355" 56 0.21275 7
"356" 57 0.21275 7
"357" 58 0.21275 7
"358" 59 0.21275 7
"359" 60 0.21275 7
"360" 61 0.21275 7
"361" 62 0.21275 7
"362" 63 0.21275 7
"363" 64 0.21275 7
"364" 65 0.21275 7
"365" 66 0.21275 7
"366" 67 0.21275 7
"367" 68 0.21275 7
"368" 69 0.21275 7
"369" 70 0.21275 7
"370" 71 0.21275 7
"371" 72 0.21275 7
"372" 73 0.21275 7
"373" 74 0.21275 7
"374" 75 0.21275 7
"375" 76 0.21275 7
"376" 77 0.21275 7
"377" 78 0.21275 7
"378" 79 0.21275 7
"379" 80 0.21275 7
"380" 81 0.21275 7
"381" 82 0.21275 7
"382" 83 0.21275 7
"383" 84 0.21275 7
"384" 85 0.21275 7
"385" 86 0.21275 7
"386" 87 0.21275 7
"387" 88 0.21275 7
"388" 89 0.21275 7
"389" 90 0.21275 7
"390" 91 0.21275 7
"391" 92 0.21275 7
"392" 93 0.21275 7
"393" 94 0.21275 7
"394" 95 0.21275 7
"395" 96 0.21275 7
"396" 97 0.21275 7
"397" 98 0.21275 7
"398" 99 0.21275 7
"399" 100 0.21275 7
"400" 1 0.187 9
"401" 2 0.187 9
"402" 3 0.187 9
"403" 4 0.187 9
"404" 5 0.187 9
"405" 6 0.187 9
"406" 7 0.187 9
"407" 8 0.187 9
"408" 9 0.187 9
"409" 10 0.187 9
"410" 11 0.187 9
"411" 12 0.187 9
"412" 13 0.187 9
"413" 14 0.187 9
"414" 15 0.187 9
"415" 16 0.187 9
"416" 17 0.187 9
"417" 18 0.187 9
"418" 19 0.187 9
"419" 20 0.187 9
"420" 21 0.187 9
"421" 22 0.187 9
"422" 23 0.187 9
"423" 24 0.187 9
"424" 25 0.187 9
"425" 26 0.187 9
"426" 27 0.187 9
"427" 28 0.187 9
"428" 29 0.187 9
"429" 30 0.187 9
"430" 31 0.187 9
"431" 32 0.187 9
"432" 33 0.187 9
"433" 34 0.187 9
"434" 35 0.187 9
"435" 36 0.187 9
"436" 37 0.187 9
"437" 38 0.187 9
"438" 39 0.187 9
"439" 40 0.187 9
"440" 41 0.187 9
"441" 42 0.187 9
"442" 43 0.187 9
"443" 44 0.187 9
"444" 45 0.187 9
"445" 46 0.187 9
"446" 47 0.187 9
"447" 48 0.187 9
"448" 49 0.187 9
"449" 50 0.187 9
"450" 51 0.187 9
"451" 52 0.187 9
"452" 53 0.187 9
"453" 54 0.187 9
"454" 55 0.187 9
"455" 56 0.187 9
"456" 57 0.187 9
"457" 58 0.187 9
"458" 59 0.187 9
"459" 60 0.187 9
"460" 61 0.187 9
"461" 62 0.187 9
"462" 63 0.187 9
"463" 64 0.187 9
"464" 65 0.187 9
"465" 66 0.187 9
"466" 67 0.187 9
"467" 68 0.187 9
"468" 69 0.187 9
"469" 70 0.187 9
"470" 71 0.187 9
"471" 72 0.187 9
"472" 73 0.187 9
"473" 74 0.187 9
"474" 75 0.187 9
"475" 76 0.187 9
"476" 77 0.187 9
"477" 78 0.187 9
"478" 79 0.187 9
"479" 80 0.187 9
"480" 81 0.187 9
"481" 82 0.187 9
"482" 83 0.187 9
"483" 84 0.187 9
"484" 85 0.187 9
"485" 86 0.187 9
"486" 87 0.187 9
"487" 88 0.187 9
"488" 89 0.187 9
"489" 90 0.187 9
"490" 91 0.187 9
"491" 92 0.187 9
"492" 93 0.187 9
"493" 94 0.187 9
"494" 95 0.187 9
"495" 96 0.187 9
"496" 97 0.187 9
"497" 98 0.187 9
"498" 99 0.187 9
"499" 100 0.187 9
"500" 1 0.15725 11
"501" 2 0.15725 11
"502" 3 0.15725 11
"503" 4 0.15725 11
"504" 5 0.15725 11
"505" 6 0.15725 11
"506" 7 0.15725 11
"507" 8 0.15725 11
"508" 9 0.15725 11
"509" 10 0.15725 11
"510" 11 0.15725 11
"511" 12 0.15725 11
"512" 13 0.15725 11
"513" 14 0.15725 11
"514" 15 0.15725 11
"515" 16 0.15725 11
"516" 17 0.15725 11
"517" 18 0.15725 11
"518" 19 0.15725 11
"519" 20 0.15725 11
"520" 21 0.15725 11
"521" 22 0.15725 11
"522" 23 0.15725 11
"523" 24 0.15725 11
"524" 25 0.15725 11
"525" 26 0.15725 11
"526" 27 0.15725 11
"527" 28 0.15725 11
"528" 29 0.15725 11
"529" 30 0.15725 11
"530" 31 0.15725 11
"531" 32 0.15725 11
"532" 33 0.15725 11
"533" 34 0.15725 11
"534" 35 0.15725 11
"535" 36 0.15725 11
"536" 37 0.15725 11
"537" 38 0.15725 11
"538" 39 0.15725 11
"539" 40 0.15725 11
"540" 41 0.15725 11
"541" 42 0.15725 11
"542" 43 0.15725 11
"543" 44 0.15725 11
"544" 45 0.15725 11
"545" 46 0.15725 11
"546" 47 0.15725 11
"547" 48 0.15725 11
"548" 49 0.15725 11
"549" 50 0.15725 11
"550" 51 0.15725 11
"551" 52 0.15725 11
"552" 53 0.15725 11
"553" 54 0.15725 11
"554" 55 0.15725 11
"555" 56 0.15725 11
"556" 57 0.15725 11
"557" 58 0.15725 11
"558" 59 0.15725 11
"559" 60 0.15725 11
"560" 61 0.15725 11
"561" 62 0.15725 11
"562" 63 0.15725 11
"563" 64 0.15725 11
"564" 65 0.15725 11
"565" 66 0.15725 11
"566" 67 0.15725 11
"567" 68 0.15725 11
"568" 69 0.15725 11
"569" 70 0.15725 11
"570" 71 0.15725 11
"571" 72 0.15725 11
"572" 73 0.15725 11
"573" 74 0.15725 11
"574" 75 0.15725 11
"575" 76 0.15725 11
"576" 77 0.15725 11
"577" 78 0.15725 11
"578" 79 0.15725 11
"579" 80 0.15725 11
"580" 81 0.15725 11
"581" 82 0.15725 11
"582" 83 0.15725 11
"583" 84 0.15725 11
"584" 85 0.15725 11
"585" 86 0.15725 11
"586" 87 0.15725 11
"587" 88 0.15725 11
"588" 89 0.15725 11
"589" 90 0.15725 11
"590" 91 0.15725 11
"591" 92 0.15725 11
"592" 93 0.15725 11
"593" 94 0.15725 11
"594" 95 0.15725 11
"595" 96 0.15725 11
"596" 97 0.15725 11
"597" 98 0.15725 11
"598" 99 0.15725 11
"599" 100 0.15725 11
