       0      1      2      3      4      5      6      7      8      9
0 535.48  20.90  14.38   3.76  22.94  16.78  24.30   4.31  25.85   5.22
1  17.08 218.46 228.03   2.42  22.14  23.77  22.65   8.02  16.72   9.91
2   7.14 235.74 218.17   3.70  44.48  34.54  16.67   2.92  33.77  11.84
3  16.85   6.60   9.07 584.45  18.06   9.67  13.79   0.93  16.65  13.48
4   3.67  26.38  34.22   1.74 365.01  29.95  41.39   1.79  57.29  20.84
5   4.19  25.14  26.57   1.66  21.99 413.96  10.77  10.49  25.76  25.45
6   4.59  25.12  26.60   0.78  54.54  21.06 436.17  10.78  32.11  10.57
7   7.35  14.34  13.02   0.63  12.30  14.25  17.02 555.71   6.79   6.41
8   2.39  16.71  18.97   0.36  20.95  20.23  11.51   2.62 360.82  12.68
9   1.26  10.61  10.97   0.50  17.59  15.79   5.73   2.43  24.24 483.60
