"","0","1","2","3","4","5","6","7","8","9"
"0" 496.34  35.34  19.53   7.73  21.78  24.05  33.02   7.30  31.90   9.78
"1" 30.01 205.77 176.35   5.37  27.98  21.70  28.32  10.25  21.00  12.99
"2" 7.65 190.97 207.01   9.11  53.77  45.74  23.82   3.61  46.47  18.67
"3" 30.03   9.38  16.87 565.11  21.44  11.57  18.17   1.05  20.47  20.70
"4" 5.13  38.02  48.85   4.40 315.62  41.73  62.29   4.21  70.18  26.74
"5" 6.85  35.97  40.31   2.51  32.21 355.64  14.64  22.93  39.20  32.40
"6" 8.04  33.79  34.43   1.93  65.24  25.60 371.14  18.85  33.18  13.75
"7" 7.98  17.14  15.94   0.95  13.36  25.91  26.12 526.02   6.85   7.88
"8" 5.96  22.86  27.25   1.63  24.43  32.15  13.61   2.95 297.97  19.89
"9" 2.01  10.76  13.46   1.26  24.17  15.91   8.87   2.83  32.78 437.20
