       0      1      2      3      4      5      6      7      8      9
0 558.00  15.88  10.73   2.55  22.25  16.30  19.65   3.06  19.52   4.16
1  10.69 223.68 265.18   1.47  21.03  21.15  17.99   7.46  13.82   8.09
2   6.25 269.51 225.96   2.82  44.32  32.48  13.18   1.81  30.02   9.92
3  10.09   5.87   7.03 590.24  18.73   7.44  11.89   0.52  15.80   9.33
4   2.08  19.42  24.89   0.81 386.35  26.74  29.55   1.43  50.19  17.74
5   2.58  17.97  17.93   0.96  16.36 438.21   7.53   6.92  16.28  23.00
6   3.24  18.94  20.27   0.29  46.33  19.04 475.03   7.53  30.94   9.08
7   5.83  12.61  10.96   0.61  13.53  11.51  14.12 568.31   5.61   5.75
8   0.99   9.14  10.09   0.07  18.76  13.73   7.24   1.84 401.33   7.86
9   0.25   6.98   6.96   0.18  12.34  13.40   3.82   1.12  16.49 505.07
